-4.900990
-4.801980
-4.702970
-4.603960
-4.504950
-4.405941
-4.306931
-4.207921
-4.108911
-4.009901
-3.910891
-3.811881
-3.712871
-3.613861
-3.514851
-3.415842
-3.316832
-3.217822
-3.118812
-3.019802
-2.920792
-2.821782
-2.722772
-2.623762
-2.524752
-2.425743
-2.326733
-2.227723
-2.128713
-2.029703
-1.930693
-1.831683
-1.732673
-1.633663
-1.534653
-1.435644
-1.336634
-1.237624
-1.138614
-1.039604
-0.940594
-0.841584
-0.742574
-0.643564
-0.544554
-0.445545
-0.346535
-0.247525
-0.148515
-0.049505
0.049505
0.148515
0.247525
0.346535
0.445545
0.544554
0.643564
0.742574
0.841584
0.940594
1.039604
1.138614
1.237624
1.336634
1.435644
1.534653
1.633663
1.732673
1.831683
1.930693
2.029703
2.128713
2.227723
2.326733
2.425743
2.524752
2.623762
2.722772
2.821782
2.920792
3.019802
3.118812
3.217822
3.316832
3.415842
3.514851
3.613861
3.712871
3.811881
3.910891
4.009901
4.108911
4.207921
4.306931
4.405941
4.504950
4.603960
4.702970
4.801980
4.900990
